100
Classification report:
             precision    recall  f1-score   support

          0       0.86      0.83      0.84       968
          1       0.71      0.96      0.82      1148
          2       0.71      0.72      0.71      1029
          3       0.62      0.72      0.67      1010
          4       0.82      0.43      0.56       983
          5       0.67      0.47      0.55       890
          6       0.83      0.74      0.78       945
          7       0.82      0.85      0.83      1079
          8       0.70      0.42      0.53       960
          9       0.48      0.79      0.60       988

avg / total       0.72      0.70      0.69     10000


Confusion matrix:
[[ 800    1   30   19    3   38   38   15   15    9]
 [   0 1104   13    4    0    1    2    1   22    1]
 [  40   44  740   90   36    7   12   31    8   21]
 [   6   45   41  730    0   25   25   34   14   90]
 [   5   22   11    4  419    0   12   21   46  443]
 [  14   31   35  171    6  415   43   27   42  106]
 [  33   28   67    6   14   81  696    0    2   18]
 [  14   60   15   12    3    0    0  915    9   51]
 [   6  184   56  131    1   51   11    5  408  107]
 [  12   26   35   13   31    1    4   73   13  780]]


200
Classification report:
             precision    recall  f1-score   support

          0       0.87      0.83      0.85       968
          1       0.78      0.94      0.86      1148
          2       0.79      0.72      0.75      1029
          3       0.74      0.67      0.71      1010
          4       0.84      0.68      0.75       983
          5       0.63      0.53      0.57       890
          6       0.84      0.84      0.84       945
          7       0.81      0.85      0.83      1079
          8       0.62      0.67      0.65       960
          9       0.65      0.77      0.71       988

avg / total       0.76      0.76      0.76     10000


Confusion matrix:
[[ 805    3   22    5    1   45   24   11   47    5]
 [   0 1080    6    3    0   24    4    3   28    0]
 [  48   38  736   56   37    6   24   33   34   17]
 [  11   18   23  681    7  114   15   24   73   44]
 [   4   29   10    1  671    3   35   13   38  179]
 [   9   26   19  106   13  471   30   17  138   61]
 [  23   17   51    4    5   30  797    0   13    5]
 [   9   46   19    5   11    5    2  920    9   53]
 [   3   98   28   48    3   50   17   19  646   48]
 [  11   23   15   11   53    5    4   90   12  764]]


400
Classification report:
             precision    recall  f1-score   support

          0       0.91      0.91      0.91       968
          1       0.84      0.96      0.90      1148
          2       0.77      0.77      0.77      1029
          3       0.71      0.79      0.75      1010
          4       0.88      0.70      0.78       983
          5       0.75      0.57      0.65       890
          6       0.89      0.87      0.88       945
          7       0.83      0.88      0.86      1079
          8       0.67      0.68      0.67       960
          9       0.69      0.75      0.72       988

avg / total       0.80      0.79      0.79     10000


Confusion matrix:
[[ 880    1   19    4    0   24   10    5   20    5]
 [   0 1105    4    4    0    9    2    7   17    0]
 [  18   42  792   56    7    3   19   38   38   16]
 [   7   21   46  798    6   34    6   24   44   24]
 [   4   15   23   11  691    8   36    9   38  148]
 [  10   13   24  146   13  506   13    9  109   47]
 [  10    3   57    6    4   20  826    1   16    2]
 [  14   29    8   14   11    3    3  954   13   30]
 [   8   65   37   55    3   57   13   12  651   59]
 [  12   15   17   27   47   12    2   84   29  743]]


800
Classification report:
             precision    recall  f1-score   support

          0       0.89      0.92      0.90       968
          1       0.88      0.95      0.91      1148
          2       0.81      0.78      0.80      1029
          3       0.77      0.82      0.79      1010
          4       0.87      0.77      0.82       983
          5       0.81      0.62      0.70       890
          6       0.86      0.86      0.86       945
          7       0.90      0.83      0.86      1079
          8       0.65      0.72      0.69       960
          9       0.71      0.82      0.76       988

avg / total       0.82      0.81      0.81     10000


Confusion matrix:
[[ 892    0   14    1    2   12   15    1   29    2]
 [   0 1089    2    7    1    7    3    3   35    1]
 [  15   41  803   30   16    2   24   25   55   18]
 [  14    8   35  826    9   32    5    8   42   31]
 [   4   10   11    4  760    0   27    2   35  130]
 [  15    6   23   96   18  548   31    4  105   44]
 [  28    5   49    5    7   13  812    0   19    7]
 [   9   31   13   22   12    3    4  900   23   62]
 [  15   44   28   48   12   56   16    9  692   40]
 [  15   10   10   30   32    6    2   50   25  808]]


1600
Classification report:
             precision    recall  f1-score   support

          0       0.90      0.94      0.92       968
          1       0.91      0.95      0.93      1148
          2       0.86      0.78      0.82      1029
          3       0.81      0.82      0.82      1010
          4       0.86      0.83      0.85       983
          5       0.81      0.68      0.74       890
          6       0.90      0.89      0.89       945
          7       0.87      0.87      0.87      1079
          8       0.63      0.74      0.68       960
          9       0.77      0.77      0.77       988

avg / total       0.83      0.83      0.83     10000


Confusion matrix:
[[ 908    0    4    3    4    6    7    5   31    0]
 [   1 1092    6    2    0    4    3    4   36    0]
 [  16   22  801   34   13    3   21   33   64   22]
 [  14    8   28  830    1   52    7   12   31   27]
 [   4    6    6    2  817    1   17    9   35   86]
 [  16   12   14   71   14  607   30   11   95   20]
 [   8    2   25    1   10   24  837    1   30    7]
 [   8   12   12   19   10    1    3  936   38   40]
 [  26   36   30   39   29   42    9    8  711   30]
 [  11   16   10   21   49    8    1   61   51  760]]


3200
Classification report:
             precision    recall  f1-score   support

          0       0.87      0.92      0.90       968
          1       0.91      0.93      0.92      1148
          2       0.86      0.78      0.82      1029
          3       0.84      0.82      0.83      1010
          4       0.86      0.78      0.82       983
          5       0.77      0.75      0.76       890
          6       0.91      0.89      0.90       945
          7       0.88      0.84      0.86      1079
          8       0.64      0.76      0.70       960
          9       0.72      0.76      0.74       988

avg / total       0.83      0.82      0.83     10000


Confusion matrix:
[[ 895    0    4    1    3   12    8    2   35    8]
 [   0 1065    5    3    2    5    4    2   57    5]
 [  13   19  802   29    8    7   24   21   82   24]
 [  17    8   28  824    4   52    5   16   45   11]
 [   5    5   14    5  768    4   11   10   34  127]
 [  19    8   15   53   17  664   18    7   71   18]
 [  15    4   16    1   10   34  842    1   18    4]
 [  13   15   10   15   13    7    1  904   34   67]
 [  34   31   28   26   12   54    7    5  733   30]
 [  14   14    7   24   60   24    2   60   31  752]]


6400
Classification report:
             precision    recall  f1-score   support

          0       0.92      0.94      0.93       968
          1       0.95      0.95      0.95      1148
          2       0.86      0.80      0.83      1029
          3       0.85      0.75      0.79      1010
          4       0.88      0.86      0.87       983
          5       0.76      0.71      0.73       890
          6       0.92      0.90      0.91       945
          7       0.89      0.87      0.88      1079
          8       0.64      0.81      0.71       960
          9       0.78      0.81      0.79       988

avg / total       0.85      0.84      0.84     10000


Confusion matrix:
[[ 909    0   12    2    1    7    7    3   17   10]
 [   1 1087    8    2    5    6    3    3   30    3]
 [  13    9  827   33   14   24   20   20   64    5]
 [  11    5   31  753    4   61    3   16  101   25]
 [   1    3   10    3  844    8   16    9   25   64]
 [  16    3   13   54   17  630   21    6  103   27]
 [   7    2   17    0    9   23  853    2   31    1]
 [   6    9   13    8    9    6    3  939   25   61]
 [  13   23   24   22    8   50    6    5  773   36]
 [   6    5   11   10   47   12    0   53   44  800]]


12800
Classification report:
             precision    recall  f1-score   support

          0       0.92      0.93      0.92       968
          1       0.95      0.95      0.95      1148
          2       0.79      0.87      0.83      1029
          3       0.92      0.74      0.82      1010
          4       0.92      0.82      0.86       983
          5       0.71      0.84      0.77       890
          6       0.88      0.91      0.90       945
          7       0.90      0.85      0.87      1079
          8       0.84      0.73      0.78       960
          9       0.74      0.86      0.80       988

avg / total       0.86      0.85      0.85     10000


Confusion matrix:
[[ 899    0   26    3    2   19    7    1    4    7]
 [   2 1095   12    2    2    3    5    3   19    5]
 [  11   19  896    5    8   19   22   20   20    9]
 [   7    7   69  746    2  106   13   10   25   25]
 [   1    8   22    3  802    8   19    9   16   95]
 [  16    4   21   20    7  750   36    6   16   14]
 [   8    2   25    0   10   25  863    4    8    0]
 [  10    3   14    5   13    7    3  912   10  102]
 [  14   15   47   19    5  105    6    3  702   44]
 [   8    5    7   10   25   17    4   44   17  851]]


25600
Classification report:
             precision    recall  f1-score   support

          0       0.96      0.94      0.95       968
          1       0.96      0.95      0.96      1148
          2       0.90      0.81      0.85      1029
          3       0.90      0.76      0.82      1010
          4       0.91      0.87      0.89       983
          5       0.58      0.87      0.69       890
          6       0.91      0.93      0.92       945
          7       0.91      0.88      0.89      1079
          8       0.83      0.62      0.71       960
          9       0.77      0.87      0.82       988

avg / total       0.87      0.85      0.85     10000


Confusion matrix:
[[ 908    0    3    4    2   33    8    1    3    6]
 [   1 1095   10    0    1    4    8    2   22    5]
 [   7   11  836   15   14   64   21   22   32    7]
 [   5    4   24  768    2  147    3   14   24   19]
 [   1    4    5    3  858   25   11    5    6   65]
 [   3    4    2   30    7  776   26    4   18   20]
 [   2    0    5    2    8   46  877    3    2    0]
 [   6    4   13    3   10    7    1  950    2   83]
 [   9   13   26   17    7  223    8    6  598   53]
 [   7    4    3   13   31   20    2   37   11  860]]


51200
Classification report:
             precision    recall  f1-score   support

          0       0.91      0.97      0.94       968
          1       0.94      0.97      0.96      1148
          2       0.93      0.81      0.87      1029
          3       0.67      0.94      0.78      1010
          4       0.92      0.87      0.89       983
          5       0.87      0.71      0.78       890
          6       0.93      0.93      0.93       945
          7       0.89      0.92      0.91      1079
          8       0.83      0.71      0.77       960
          9       0.84      0.79      0.81       988

avg / total       0.87      0.87      0.87     10000


Confusion matrix:
[[ 935    0    1   13    3    9    3    0    2    2]
 [   1 1117    7    5    1    3    3    1   10    0]
 [  21   11  838   81   13    4   17   14   25    5]
 [   4    3   11  946    1   12    1    9    9   14]
 [   6    6    7   15  858    6   15   12   18   40]
 [  17    5    4  131   10  636   21    2   40   24]
 [  11    4    5   14    3   20  875    2   10    1]
 [   1    8   15   18    3    2    0  997    1   34]
 [  18   26   14  144    7   33    5    5  678   30]
 [   8    9    3   48   37    9    1   74   19  780]]