
100
Total Time to Train: 0.015079 seconds

Total Time to Test: 0.106721 seconds

Classification report:
             precision    recall  f1-score   support

          0       0.86      0.83      0.84       968
          1       0.71      0.96      0.82      1148
          2       0.71      0.72      0.71      1029
          3       0.62      0.72      0.67      1010
          4       0.82      0.43      0.56       983
          5       0.67      0.47      0.55       890
          6       0.83      0.74      0.78       945
          7       0.82      0.85      0.83      1079
          8       0.70      0.42      0.53       960
          9       0.48      0.79      0.60       988

avg / total       0.72      0.70      0.69     10000


Confusion matrix:
[[ 800    1   30   19    3   38   38   15   15    9]
 [   0 1104   13    4    0    1    2    1   22    1]
 [  40   44  740   90   36    7   12   31    8   21]
 [   6   45   41  730    0   25   25   34   14   90]
 [   5   22   11    4  419    0   12   21   46  443]
 [  14   31   35  171    6  415   43   27   42  106]
 [  33   28   67    6   14   81  696    0    2   18]
 [  14   60   15   12    3    0    0  915    9   51]
 [   6  184   56  131    1   51   11    5  408  107]
 [  12   26   35   13   31    1    4   73   13  780]]


200
Total Time to Train: 0.040142 seconds

Total Time to Test: 0.106684 seconds

Classification report:
             precision    recall  f1-score   support

          0       0.87      0.83      0.85       968
          1       0.78      0.94      0.86      1148
          2       0.79      0.72      0.75      1029
          3       0.74      0.67      0.71      1010
          4       0.84      0.68      0.75       983
          5       0.63      0.53      0.57       890
          6       0.84      0.84      0.84       945
          7       0.81      0.85      0.83      1079
          8       0.62      0.67      0.65       960
          9       0.65      0.77      0.71       988

avg / total       0.76      0.76      0.76     10000


Confusion matrix:
[[ 805    3   22    5    1   45   24   11   47    5]
 [   0 1080    6    3    0   24    4    3   28    0]
 [  48   38  736   56   37    6   24   33   34   17]
 [  11   18   23  681    7  114   15   24   73   44]
 [   4   29   10    1  671    3   35   13   38  179]
 [   9   26   19  106   13  471   30   17  138   61]
 [  23   17   51    4    5   30  797    0   13    5]
 [   9   46   19    5   11    5    2  920    9   53]
 [   3   98   28   48    3   50   17   19  646   48]
 [  11   23   15   11   53    5    4   90   12  764]]


400
Total Time to Train: 0.186328 seconds

Total Time to Test: 0.119914 seconds

Classification report:
             precision    recall  f1-score   support

          0       0.91      0.91      0.91       968
          1       0.84      0.96      0.90      1148
          2       0.77      0.77      0.77      1029
          3       0.71      0.79      0.75      1010
          4       0.88      0.70      0.78       983
          5       0.75      0.57      0.65       890
          6       0.89      0.87      0.88       945
          7       0.83      0.88      0.86      1079
          8       0.67      0.68      0.67       960
          9       0.69      0.75      0.72       988

avg / total       0.80      0.79      0.79     10000


Confusion matrix:
[[ 880    1   19    4    0   24   10    5   20    5]
 [   0 1105    4    4    0    9    2    7   17    0]
 [  18   42  792   56    7    3   19   38   38   16]
 [   7   21   46  798    6   34    6   24   44   24]
 [   4   15   23   11  691    8   36    9   38  148]
 [  10   13   24  146   13  506   13    9  109   47]
 [  10    3   57    6    4   20  826    1   16    2]
 [  14   29    8   14   11    3    3  954   13   30]
 [   8   65   37   55    3   57   13   12  651   59]
 [  12   15   17   27   47   12    2   84   29  743]]


800
Total Time to Train: 0.305326 seconds

Total Time to Test: 0.106406 seconds

Classification report:
             precision    recall  f1-score   support

          0       0.88      0.92      0.90       968
          1       0.88      0.95      0.91      1148
          2       0.81      0.78      0.80      1029
          3       0.77      0.82      0.80      1010
          4       0.87      0.77      0.82       983
          5       0.81      0.62      0.70       890
          6       0.86      0.86      0.86       945
          7       0.90      0.83      0.86      1079
          8       0.65      0.72      0.69       960
          9       0.71      0.82      0.76       988

avg / total       0.82      0.81      0.81     10000


Confusion matrix:
[[ 892    0   14    1    2   12   15    1   29    2]
 [   0 1089    2    7    1    7    3    3   35    1]
 [  15   41  803   30   16    2   24   25   55   18]
 [  14    8   35  827    9   32    5    8   41   31]
 [   4   10   11    4  760    0   27    2   35  130]
 [  15    6   23   96   18  548   31    4  105   44]
 [  28    5   49    5    7   13  812    0   19    7]
 [   9   31   13   22   12    3    4  900   23   62]
 [  16   44   28   47   12   55   16    9  693   40]
 [  15   10   10   30   32    6    2   50   25  808]]


1600
Total Time to Train: 0.730362 seconds

Total Time to Test: 0.111846 seconds

Classification report:
             precision    recall  f1-score   support

          0       0.90      0.94      0.92       968
          1       0.90      0.95      0.93      1148
          2       0.86      0.78      0.82      1029
          3       0.81      0.82      0.82      1010
          4       0.86      0.83      0.85       983
          5       0.83      0.67      0.74       890
          6       0.90      0.89      0.89       945
          7       0.86      0.87      0.87      1079
          8       0.64      0.74      0.69       960
          9       0.77      0.77      0.77       988

avg / total       0.83      0.83      0.83     10000


Confusion matrix:
[[ 912    0    4    3    4    4    7    5   29    0]
 [   1 1091    6    2    0    4    3    4   37    0]
 [  16   23  802   35   13    2   21   33   62   22]
 [  14    8   28  833    1   48    7   12   32   27]
 [   4    6    6    3  818    0   17    9   35   85]
 [  16   13   15   75   16  598   30   11   97   19]
 [  10    2   25    1   10   22  840    1   28    6]
 [   7   12   12   19   10    0    3  936   40   40]
 [  26   37   30   41   30   33    9    9  715   30]
 [  12   16   10   21   48    8    1   63   50  759]]


3200
Total Time to Train: 1.443246 seconds

Total Time to Test: 0.106505 seconds

Classification report:
             precision    recall  f1-score   support

          0       0.87      0.93      0.90       968
          1       0.91      0.93      0.92      1148
          2       0.86      0.78      0.82      1029
          3       0.83      0.82      0.82      1010
          4       0.86      0.79      0.82       983
          5       0.77      0.75      0.76       890
          6       0.91      0.89      0.90       945
          7       0.88      0.84      0.86      1079
          8       0.66      0.75      0.70       960
          9       0.72      0.76      0.74       988

avg / total       0.83      0.82      0.83     10000


Confusion matrix:
[[ 896    0    4    2    3   12    9    2   33    7]
 [   0 1068    5    4    2    5    3    2   52    7]
 [  13   20  804   31    8    7   26   22   74   24]
 [  18    9   30  826    4   51    5   16   41   10]
 [   5    6   14    5  772    5   11   10   30  125]
 [  21    8   15   58   17  664   18    7   67   15]
 [  15    5   16    1   10   34  840    1   19    4]
 [  13   16   11   16   13    7    1  911   28   63]
 [  34   32   27   32   13   55    8    6  719   34]
 [  14   15    7   25   60   24    3   60   30  750]]


6400
Total Time to Train: 4.297934 seconds

Total Time to Test: 0.10716 seconds

Classification report:
             precision    recall  f1-score   support

          0       0.90      0.95      0.93       968
          1       0.93      0.96      0.94      1148
          2       0.85      0.81      0.83      1029
          3       0.80      0.81      0.81      1010
          4       0.83      0.89      0.86       983
          5       0.75      0.73      0.74       890
          6       0.90      0.91      0.91       945
          7       0.84      0.89      0.87      1079
          8       0.72      0.75      0.73       960
          9       0.85      0.65      0.73       988

avg / total       0.84      0.84      0.84     10000


Confusion matrix:
[[ 922    0   10    1    1    9    7    4   12    2]
 [   2 1103    9    3    4    8    4    3    9    3]
 [  16   16  834   32   15   23   22   22   45    4]
 [  15    4   28  821    4   57    7   17   48    9]
 [   2    4    9   10  874    5   17   13   15   34]
 [  21    7   13   68   19  649   27    6   70   10]
 [   9    2   17    0    9   23  864    2   18    1]
 [   8   10   14   14   13    7    3  965    8   37]
 [  16   31   31   42   13   71   10    8  721   17]
 [   8   11   13   32   98   19    0  105   60  642]]


12800
Total Time to Train: 17.631901 seconds

Total Time to Test: 0.111216 seconds

Classification report:
             precision    recall  f1-score   support

          0       0.93      0.93      0.93       968
          1       0.94      0.95      0.94      1148
          2       0.88      0.78      0.83      1029
          3       0.88      0.80      0.84      1010
          4       0.91      0.84      0.87       983
          5       0.68      0.85      0.75       890
          6       0.90      0.90      0.90       945
          7       0.86      0.89      0.88      1079
          8       0.74      0.72      0.73       960
          9       0.80      0.82      0.81       988

avg / total       0.86      0.85      0.85     10000


Confusion matrix:
[[ 899    0    9    5    1   24    5    2   18    5]
 [   2 1090    7    1    2    7    5    3   27    4]
 [  15   24  807   32   13   28   22   29   51    8]
 [   5    7   31  808    4   84    9   17   34   11]
 [   1    7   10    2  830   10   17   17   28   61]
 [  15    4   12   28   10  759   21    5   25   11]
 [   7    3   10    0   12   43  848    5   17    0]
 [   7    3   10   10    7    2    3  965   13   59]
 [   9   19   19   20    6  146    5    7  690   39]
 [   7    5    3   13   32   19    3   72   24  810]]


25600
Total Time to Train: 58.723972 seconds

Total Time to Test: 0.103954 seconds

Classification report:
             precision    recall  f1-score   support

          0       0.94      0.95      0.95       968
          1       0.94      0.97      0.96      1148
          2       0.81      0.91      0.86      1029
          3       0.88      0.81      0.84      1010
          4       0.92      0.85      0.88       983
          5       0.66      0.88      0.76       890
          6       0.97      0.88      0.92       945
          7       0.94      0.86      0.90      1079
          8       0.88      0.59      0.71       960
          9       0.73      0.88      0.80       988

avg / total       0.87      0.86      0.86     10000


Confusion matrix:
[[ 923    0   11    2    3   20    2    0    0    7]
 [   2 1110   16    2    1    2    2    0    9    4]
 [  10   15  935    8   13   17    7    7    8    9]
 [   5    7   44  818    3   87    1    9    7   29]
 [   1    4   15    1  836   16    7    7   23   73]
 [  12    4   25   25    5  786    8    1   12   12]
 [   5    4   32    3    9   57  829    1    5    0]
 [   8    4   19    9    7    6    1  924    6   95]
 [  10   24   52   45    5  170    1    1  568   84]
 [   6    4    6   14   28   24    0   28   11  867]]


51200
Total Time to Train: 162.58586 seconds

Total Time to Test: 0.107802 seconds

Classification report:
             precision    recall  f1-score   support

          0       0.95      0.88      0.92       968
          1       0.97      0.93      0.95      1148
          2       0.91      0.77      0.84      1029
          3       0.89      0.77      0.82      1010
          4       0.94      0.76      0.84       983
          5       0.88      0.68      0.77       890
          6       0.89      0.92      0.90       945
          7       0.89      0.92      0.91      1079
          8       0.49      0.95      0.65       960
          9       0.84      0.71      0.77       988

avg / total       0.87      0.83      0.84     10000


Confusion matrix:
[[ 856    0   13   19    2   15   20    1   38    4]
 [   0 1066    4    1    1    0    3    3   68    2]
 [   8    8  795   23    5    7   30   25  125    3]
 [  12    3   11  773    2   17   10   15  156   11]
 [   2    2   15    3  744    2   13   13  123   66]
 [   9    4    3   32    9  602   21    3  196   11]
 [   6    1    5    2    3   22  865    1   40    0]
 [   1    3    8    2    7    1    1  997   29   30]
 [   2    5    5    9    4   11    2    3  915    4]
 [   1    4   11    4   14    5    2   60  181  706]]




