100
Total Time to Train: 0.019815 seconds

Total Time to Test: 0.885723 seconds

Classification report:
             precision    recall  f1-score   support

          0       0.89      0.71      0.79       968
          1       0.31      0.99      0.47      1148
          2       0.87      0.55      0.67      1029
          3       0.71      0.56      0.62      1010
          4       0.89      0.24      0.38       983
          5       0.62      0.36      0.45       890
          6       0.81      0.67      0.74       945
          7       0.90      0.73      0.80      1079
          8       0.89      0.40      0.55       960
          9       0.57      0.68      0.62       988

avg / total       0.74      0.60      0.61     10000


Confusion matrix:
[[ 690  118    3    3    2   74   59    0   17    2]
 [   0 1138    1    2    0    1    0    2    1    3]
 [  17  360  564   41    6    5    5   19    5    7]
 [   5  358   12  562    0    6   21    9    7   30]
 [   0  383    2    0  237    3   11    4    2  341]
 [  31  384    5   67    3  316   38    4    2   40]
 [  17  202   35    0    3   51  635    0    2    0]
 [   0  242    3    2    3    1    0  784    6   38]
 [  10  325   21  105    1   51   13    2  384   48]
 [   9  221    1   13   10    2    0   50    6  676]]


200
Total Time to Train: 0.060501 seconds

Total Time to Test: 1.617759 seconds

Classification report:
             precision    recall  f1-score   support

          0       0.95      0.80      0.87       968
          1       0.40      0.99      0.57      1148
          2       0.87      0.64      0.74      1029
          3       0.84      0.54      0.66      1010
          4       0.88      0.62      0.73       983
          5       0.67      0.58      0.62       890
          6       0.90      0.79      0.84       945
          7       0.88      0.77      0.82      1079
          8       0.83      0.64      0.72       960
          9       0.73      0.72      0.73       988

avg / total       0.79      0.72      0.73     10000


Confusion matrix:
[[ 775   77    7    1    1   46   38    2   18    3]
 [   0 1137    3    1    0    1    0    2    2    2]
 [  15  247  660   30    7    7    6   29   24    4]
 [   3  269   12  544    2  110   10   13   24   23]
 [   0  211   11    0  610    1    5    0    6  139]
 [   5  240    3   43    7  520   19    4   27   22]
 [  10  115   38    0    4   21  749    0    7    1]
 [   0  181    9    3   11    3    0  832    8   32]
 [   3  205    6   14    5   64    9    4  612   38]
 [   6  126    8   13   44    2    0   61   13  715]]


400
Total Time to Train: 0.168074 seconds

Total Time to Test: 2.783663 seconds

Classification report:
             precision    recall  f1-score   support

          0       0.94      0.85      0.89       968
          1       0.53      0.99      0.69      1148
          2       0.88      0.76      0.82      1029
          3       0.84      0.79      0.81      1010
          4       0.92      0.71      0.80       983
          5       0.81      0.69      0.74       890
          6       0.92      0.81      0.86       945
          7       0.90      0.86      0.88      1079
          8       0.85      0.71      0.78       960
          9       0.80      0.77      0.79       988

avg / total       0.83      0.80      0.81     10000


Confusion matrix:
[[ 825   43    8    2    0   37   32    1   18    2]
 [   0 1133    3    4    0    2    1    2    2    1]
 [  21  148  783   12    4    4    2   27   26    2]
 [   1  110    7  798    2   38    3   14   25   12]
 [   0  151   14    0  695    1    6    1    0  115]
 [   5  143    7   77    5  612   14    0   20    7]
 [  16   84   47    1    3   20  768    0    5    1]
 [   1  111    6    0    9    3    0  929    5   15]
 [   3  132    5   49    4   40    6    7  683   31]
 [   6   96   11   10   35    2    0   50   15  763]]


800
Total Time to Train: 0.415479 seconds

Total Time to Test: 4.753212 seconds

Classification report:
             precision    recall  f1-score   support

          0       0.94      0.91      0.93       968
          1       0.67      0.99      0.80      1148
          2       0.89      0.81      0.85      1029
          3       0.85      0.87      0.86      1010
          4       0.92      0.85      0.88       983
          5       0.86      0.78      0.82       890
          6       0.93      0.87      0.90       945
          7       0.93      0.88      0.91      1079
          8       0.89      0.82      0.86       960
          9       0.89      0.82      0.85       988

avg / total       0.88      0.86      0.86     10000


Confusion matrix:
[[ 884   20    5    1    0   22   20    1   12    3]
 [   0 1131    4    5    0    1    1    2    3    1]
 [  17  109  836   15    4    1    3   17   21    6]
 [   1   40   13  882    1   30    2   10   22    9]
 [   1   81   11    1  833    3   12    1    1   39]
 [   7   62    4   73    5  698   21    1   14    5]
 [  17   47   35    0    3   18  819    0    6    0]
 [   4   80   11    2    6    7    0  952    4   13]
 [   3   65    7   42    6   25    4    0  788   20]
 [   5   55    9   15   47    2    2   36   10  807]]


1600
Total Time to Train: 1.221601 seconds

Total Time to Test: 7.296022 seconds

Classification report:
             precision    recall  f1-score   support

          0       0.93      0.95      0.94       968
          1       0.79      0.98      0.88      1148
          2       0.94      0.86      0.90      1029
          3       0.91      0.90      0.90      1010
          4       0.92      0.92      0.92       983
          5       0.89      0.85      0.87       890
          6       0.94      0.93      0.94       945
          7       0.94      0.91      0.92      1079
          8       0.91      0.87      0.89       960
          9       0.92      0.86      0.89       988

avg / total       0.91      0.91      0.91     10000


Confusion matrix:
[[ 923    7    1    0    2   16    6    1   10    2]
 [   0 1126    4    5    0    1    2    2    7    1]
 [  17   60  884   14   12    1    6   20   12    3]
 [   1   21    6  911    0   29    2   10   23    7]
 [   1   31    6    1  902    0   16    2    2   22]
 [  13   41    6   34    3  753   22    2   11    5]
 [  12   18    7    0    2   19  883    0    4    0]
 [   5   48   11    2   11    4    0  980    6   12]
 [   8   34    8   26    8   15    0    1  839   21]
 [   8   32    3   11   42    6    0   29    7  850]]


3200
Total Time to Train: 3.481461 seconds

Total Time to Test: 12.12579 seconds

Classification report:
             precision    recall  f1-score   support

          0       0.95      0.97      0.96       968
          1       0.89      0.98      0.93      1148
          2       0.95      0.90      0.92      1029
          3       0.95      0.92      0.93      1010
          4       0.94      0.94      0.94       983
          5       0.91      0.93      0.92       890
          6       0.96      0.95      0.96       945
          7       0.95      0.93      0.94      1079
          8       0.91      0.91      0.91       960
          9       0.93      0.90      0.92       988

avg / total       0.94      0.93      0.93     10000


Confusion matrix:
[[ 940    1    0    0    1    9    5    1   10    1]
 [   0 1127    4    1    0    1    4    2    7    2]
 [  14   30  923    5    8    1    6   20   19    3]
 [   2    9    4  929    0   28    2    6   23    7]
 [   2   13    8    1  926    0    8    1    1   23]
 [   5   15    5   12    2  829   11    0    9    2]
 [  12    9    7    1    2   14  899    0    1    0]
 [   3   28    8    4    6    3    0 1004    8   15]
 [   4   15    9   17    4   25    0    0  877    9]
 [   8   16    1   10   31    3    0   20    9  890]]


6400
Total Time to Train: 11.04346 seconds

Total Time to Test: 18.983581 seconds

Classification report:
             precision    recall  f1-score   support

          0       0.95      0.98      0.97       968
          1       0.95      0.99      0.97      1148
          2       0.95      0.93      0.94      1029
          3       0.96      0.94      0.95      1010
          4       0.95      0.95      0.95       983
          5       0.94      0.94      0.94       890
          6       0.96      0.96      0.96       945
          7       0.96      0.96      0.96      1079
          8       0.93      0.94      0.94       960
          9       0.95      0.92      0.94       988

avg / total       0.95      0.95      0.95     10000


Confusion matrix:
[[ 948    0    1    0    0    7    5    1    5    1]
 [   0 1131    3    1    0    0    4    2    6    1]
 [  14   12  957    8    5    2    2   15   13    1]
 [   2    4    9  946    0   14    0    8   20    7]
 [   1    6    9    0  938    0    7    1    2   19]
 [   5    7    4   13    2  835   14    1    7    2]
 [  11    7    4    0    4   13  903    0    3    0]
 [   2   15   10    0    6    0    0 1033    2   11]
 [   4    7    8   13    5   18    1    1  899    4]
 [   9    6    2    6   26    4    0   19    5  911]]


12800
Total Time to Train: 30.263476 seconds

Total Time to Test: 28.988276 seconds

Classification report:
             precision    recall  f1-score   support

          0       0.97      0.98      0.98       968
          1       0.96      0.99      0.97      1148
          2       0.97      0.94      0.96      1029
          3       0.96      0.95      0.96      1010
          4       0.96      0.97      0.96       983
          5       0.95      0.96      0.95       890
          6       0.98      0.97      0.97       945
          7       0.97      0.97      0.97      1079
          8       0.96      0.95      0.96       960
          9       0.96      0.94      0.95       988

avg / total       0.96      0.96      0.96     10000


Confusion matrix:
[[ 952    0    0    0    1    7    3    1    3    1]
 [   0 1134    4    1    1    0    3    1    3    1]
 [   6   14  971    7    4    1    2   17    6    1]
 [   2    4    4  964    0   12    1    6   11    6]
 [   0    5    6    0  955    1    3    1    1   11]
 [   3    4    3    8    2  851   10    0    6    3]
 [   8    4    3    0    4    8  917    0    1    0]
 [   1   10    8    0    2    0    0 1045    1   12]
 [   2    5    5   12    5   14    1    1  911    4]
 [   8    3    0   12   23    2    0   10    2  928]]


25600
Total Time to Train: 85.86393 seconds

Total Time to Test: 46.186765 seconds

Classification report:
             precision    recall  f1-score   support

          0       0.97      0.99      0.98       968
          1       0.97      0.99      0.98      1148
          2       0.97      0.96      0.97      1029
          3       0.98      0.96      0.97      1010
          4       0.97      0.98      0.98       983
          5       0.97      0.97      0.97       890
          6       0.98      0.98      0.98       945
          7       0.97      0.98      0.98      1079
          8       0.97      0.96      0.97       960
          9       0.97      0.95      0.96       988

avg / total       0.97      0.97      0.97     10000


Confusion matrix:
[[ 955    0    2    0    0    4    3    0    4    0]
 [   1 1131    5    1    0    0    5    2    2    1]
 [   4    7  992    1    2    1    1   13    7    1]
 [   0    2    3  974    0   11    0    6   10    4]
 [   0    1    4    0  963    0    3    0    0   12]
 [   1    4    2    3    2  863    8    0    5    2]
 [   8    2    0    0    2    3  929    0    1    0]
 [   1    6    6    0    0    0    0 1057    1    8]
 [   2    4    5    8    5    7    0    0  926    3]
 [   9    3    0    9   16    2    0    8    2  939]]

